100
Praga
Budapest
Kracovia
Varsovia
Transilavania
San Petersburgo
Odesa
Vilnius
Moscu
Oslo
Dublin
Tallinn
Piatra Neamt
Kyiv
Wroclaw
Gransk
Lviv
Plovdiv
Iasi
Chisinau
Katowice
ClujNapoca
Brasov
Lodz
Poznan
Timisora
Riga
Targu Mures
Brno
Kazan
Kaunas
Toplita
Varna
Lublin
Sibiu
Bydgoszcz
Donetsk
Saratov
Torun
Constanta
Pecs
Volgograd
Kharkiv
Londres
Paris
Munich
Berlin
Frankfurt
Barcelona
Madrid
Milan
Napoles
Roma
Atenas
Pitesti
Ramnicu Valcea
Estocolmo
Sighisora
Monaco
Tessaloniki
Bucarest
Delphi
Thiva
Pireas
Patras
Passavas
Heraklion
Chania
Argos
Snagov
Larissa
Pilos
Nafplion
Esparta
Oia
Ioannina
Santorini
Chalcis
Plataea
Istanbul
Izmir
Ankara
Antalya
Ephesus
Konya
Goreme
Bursa
Adana
Kayseri
Trabzon
Bodrum
Gaziantep
Kusadasi
Pergamon
Eskisehir
Canakkale
Fethiye
Troya
Kas
Edirne
0 5 2342
0 6 2326
0 7 3802
0 10 607
0 12 1756
0 13 9670
0 15 17480
0 16 2697
0 19 2674
0 20 12243
0 23 51094
0 26 35311
0 34 102353
0 37 117465
0 38 40064
0 49 7257
0 52 257799
0 55 234444
0 59 235652
0 63 286303
0 64 117748
0 67 280825
0 74 506260
0 83 408211
0 86 98776
0 89 668942
0 90 530877
0 96 317499
1 5 1467
1 7 469
1 9 6054
1 10 647
1 14 16122
1 18 3721
1 20 34692
1 21 35210
1 29 56966
1 30 34591
1 34 22963
1 38 56408
1 39 71872
1 40 13809
1 48 79469
1 49 215521
1 52 76841
1 53 204038
1 54 120686
1 56 8206
1 67 82970
1 69 268841
1 71 384552
1 73 504802
1 78 117150
1 79 514063
1 82 114648
1 83 463296
1 85 546049
1 86 186263
1 90 670960
1 94 351893
1 95 320123
2 3 127
2 4 108
2 5 456
2 14 10744
2 17 20942
2 18 12080
2 26 36103
2 27 12771
2 30 61487
2 31 37973
2 36 46229
2 42 135719
2 45 81645
2 47 49127
2 49 85122
2 50 209964
2 53 234011
2 56 2029
2 58 82341
2 59 176183
2 60 222432
2 65 260411
2 70 452481
2 71 92411
2 76 533279
2 83 30761
2 94 639857
2 96 728065
3 2 127
3 5 162
3 8 2152
3 24 11692
3 31 77386
3 33 34223
3 38 30506
3 39 791
3 42 96515
3 45 111645
3 46 148217
3 47 150422
3 48 96418
3 57 101224
3 58 227172
3 61 114645
3 63 142518
3 64 302728
3 68 380876
3 69 330214
3 72 445008
3 74 339507
3 77 397301
3 78 355617
3 83 88280
3 84 80598
3 87 607817
3 89 291525
3 91 424994
3 92 6949
4 2 108
4 7 220
4 10 1992
4 11 4248
4 13 6184
4 24 20279
4 25 42215
4 26 23332
4 31 8797
4 32 43301
4 34 14128
4 40 37383
4 44 110301
4 45 150567
4 47 96886
4 49 148261
4 51 105773
4 52 18053
4 57 33881
4 59 98489
4 61 230289
4 63 300488
4 64 326879
4 65 296809
4 71 393304
4 73 293652
4 75 90843
4 76 233157
4 80 124822
4 85 529483
4 86 569827
4 87 88888
4 90 52103
4 91 507918
4 95 229066
4 97 789185
4 99 600133
5 0 2342
5 1 1467
5 2 456
5 3 162
5 6 136
5 8 626
5 10 1704
5 11 2522
5 15 8537
5 18 3185
5 25 3886
5 29 456
5 31 24760
5 32 67615
5 34 34841
5 36 76446
5 39 113132
5 40 112882
5 42 110064
5 44 8710
5 45 158431
5 48 5017
5 49 119715
5 50 182914
5 56 250738
5 57 31034
5 63 94136
5 67 50449
5 68 266217
5 70 342724
5 71 40284
5 82 416435
5 85 461175
5 87 20755
5 94 107850
6 0 2326
6 5 136
6 10 1350
6 11 2097
6 13 3084
6 17 9783
6 22 20717
6 25 21566
6 28 39285
6 30 55820
6 31 37343
6 32 65345
6 35 23348
6 39 96111
6 40 111983
6 41 86438
6 55 141959
6 57 186636
6 59 152525
6 60 88036
6 61 232077
6 62 97430
6 65 165029
6 74 156859
6 76 337358
6 80 208067
6 81 170743
6 86 115254
6 91 448896
6 92 13358
6 97 47748
6 98 612789
6 99 419019
7 0 3802
7 1 469
7 4 220
7 8 149
7 12 526
7 19 7189
7 23 500
7 31 3544
7 37 83413
7 38 12259
7 39 35699
7 44 49661
7 45 138885
7 50 170512
7 51 98974
7 52 131925
7 54 115566
7 62 56452
7 63 9831
7 69 126185
7 70 358935
7 79 120310
7 88 248087
7 89 454932
7 90 397484
7 91 58630
7 92 506657
7 95 107140
7 96 170319
7 99 569875
8 3 2152
8 5 626
8 7 149
8 10 147
8 11 711
8 16 1363
8 18 8251
8 21 586
8 24 1891
8 30 34175
8 31 46226
8 38 31374
8 39 62339
8 40 98978
8 41 96730
8 49 149754
8 53 73352
8 57 168586
8 59 196050
8 61 257242
8 62 182974
8 66 237782
8 70 331384
8 72 195968
8 75 268685
8 84 99920
8 89 186942
8 96 519112
8 98 768616
9 1 6054
9 17 5298
9 20 8937
9 22 9071
9 24 9020
9 25 13489
9 30 11154
9 34 6176
9 38 54645
9 39 79113
9 41 58679
9 44 83350
9 49 139843
9 51 49191
9 53 162597
9 57 212844
9 65 110387
9 74 272096
9 81 419218
9 87 372552
9 91 664839
9 93 354183
9 94 396785
9 95 27733
10 0 607
10 1 647
10 4 1992
10 5 1704
10 6 1350
10 8 147
10 12 314
10 17 3467
10 19 7700
10 23 3688
10 27 26841
10 31 114
10 33 1908
10 36 10629
10 37 28974
10 38 43870
10 44 92748
10 51 118000
10 54 31649
10 55 163623
10 59 27108
10 69 267373
10 70 114608
10 83 418890
10 92 502234
10 95 409384
10 96 359842
10 97 435679
10 98 685458
11 4 4248
11 5 2522
11 6 2097
11 8 711
11 13 78
11 15 408
11 20 2856
11 23 2294
11 24 13351
11 26 9780
11 27 6067
11 30 16740
11 31 23385
11 36 46548
11 40 70501
11 41 31010
11 43 27827
11 44 44546
11 49 38790
11 55 33665
11 58 59432
11 59 54713
11 60 19022
11 61 217674
11 62 37014
11 65 176874
11 70 75400
11 71 94437
11 73 353499
11 83 160051
11 85 197768
11 88 86949
11 98 510897
11 99 390365
12 0 1756
12 7 526
12 10 314
12 13 129
12 16 182
12 18 97
12 20 5788
12 22 7501
12 23 6278
12 24 10711
12 27 222
12 36 43219
12 45 26211
12 46 29255
12 49 70970
12 51 32577
12 53 69430
12 57 190518
12 62 7150
12 64 33215
12 65 27677
12 66 273093
12 71 244811
12 75 23480
12 76 337044
12 77 251061
12 78 383062
12 79 279128
12 91 201591
12 94 543320
12 95 355757
12 99 600856
13 0 9670
13 4 6184
13 6 3084
13 11 78
13 12 129
13 24 7751
13 27 11363
13 31 17916
13 33 6681
13 40 50141
13 43 29194
13 44 33768
13 46 22093
13 49 55125
13 69 7679
13 70 178430
13 71 178850
13 76 71584
13 77 296527
13 78 43502
13 81 146521
13 86 117632
13 87 280054
13 88 368537
13 90 505745
13 93 30625
13 98 602193
14 1 16122
14 2 10744
14 20 261
14 22 2623
14 23 1915
14 26 6698
14 28 16085
14 30 12508
14 32 15348
14 33 32964
14 36 1838
14 37 2783
14 42 24075
14 47 40687
14 48 104716
14 53 1958
14 55 37561
14 56 133034
14 59 8911
14 61 9359
14 66 78650
14 68 192414
14 70 235373
14 72 131978
14 76 72913
14 80 207652
14 87 336213
14 91 434901
14 92 129024
14 93 416817
14 98 511952
15 0 17480
15 5 8537
15 11 408
15 17 56
15 21 493
15 23 1657
15 30 4963
15 41 58904
15 46 70874
15 49 95652
15 50 114093
15 51 94397
15 54 100470
15 57 133630
15 58 127221
15 59 133981
15 61 28739
15 63 127672
15 64 135703
15 68 252561
15 69 75923
15 76 262112
15 80 109841
15 82 276588
15 83 60891
15 84 13305
15 85 414529
15 90 75919
16 0 2697
16 8 1363
16 12 182
16 17 138
16 18 362
16 22 2614
16 24 286
16 31 1611
16 35 13429
16 38 29611
16 39 5346
16 50 103693
16 52 117857
16 54 138819
16 56 144126
16 62 166411
16 66 94971
16 70 251223
16 74 298084
16 76 336921
16 81 256175
16 82 245055
16 87 344926
16 91 264122
16 92 213068
16 93 61174
17 2 20942
17 6 9783
17 9 5298
17 10 3467
17 15 56
17 16 138
17 19 225
17 22 210
17 24 621
17 25 1394
17 27 3298
17 28 3587
17 31 4524
17 32 3409
17 35 15108
17 37 28649
17 39 28749
17 43 3317
17 45 53876
17 48 51237
17 50 100214
17 53 51482
17 54 23303
17 56 39561
17 57 95942
17 59 64302
17 70 22479
17 78 54044
17 79 275056
17 85 5369
17 86 148982
17 87 355661
17 90 6246
17 93 262225
17 97 550734
17 98 564561
18 1 3721
18 2 12080
18 5 3185
18 8 8251
18 12 97
18 16 362
18 19 87
18 20 437
18 21 268
18 22 1305
18 23 1962
18 25 4273
18 26 2126
18 27 5151
18 28 1346
18 31 2263
18 32 13261
18 37 25035
18 41 37406
18 46 25441
18 47 41171
18 49 331
18 52 29252
18 56 18382
18 57 109215
18 59 105936
18 63 99464
18 64 86818
18 67 188684
18 69 25483
18 73 274636
18 84 28139
18 88 30410
18 92 537165
18 98 81967
19 0 2674
19 7 7189
19 10 7700
19 17 225
19 18 87
19 26 514
19 34 11883
19 38 30904
19 39 32728
19 42 49340
19 43 1652
19 49 26372
19 50 23719
19 52 84470
19 53 1493
19 54 118212
19 69 241506
19 70 253478
19 71 258836
19 72 61884
19 76 200602
19 78 335996
19 79 67541
19 82 71523
19 83 285998
19 92 43254
19 93 259637
20 0 12243
20 1 34692
20 9 8937
20 11 2856
20 12 5788
20 14 261
20 18 437
20 21 122
20 23 459
20 28 4507
20 30 5112
20 31 9217
20 37 21444
20 38 30342
20 39 20443
20 43 10033
20 46 33923
20 48 77489
20 58 51424
20 61 68839
20 66 42468
20 69 155381
20 74 51077
20 79 269827
20 82 275614
20 86 339082
20 90 156230
20 92 277566
20 93 110029
21 1 35210
21 8 586
21 15 493
21 18 268
21 20 122
21 29 98
21 33 5723
21 44 28478
21 45 39381
21 47 24107
21 49 65603
21 51 39456
21 53 94367
21 55 33234
21 60 73734
21 64 113231
21 75 45001
21 86 155746
21 95 55239
22 6 20717
22 9 9071
22 12 7501
22 14 2623
22 16 2614
22 17 210
22 18 1305
22 23 118
22 24 321
22 30 6150
22 47 23461
22 49 59226
22 53 94148
22 60 128251
22 64 151470
22 65 74532
22 71 185510
22 72 233557
22 73 182612
22 74 120849
22 75 120532
22 78 62107
22 80 209425
22 90 7067
22 92 396709
22 95 391369
22 98 529687
23 0 51094
23 7 500
23 10 3688
23 11 2294
23 12 6278
23 14 1915
23 15 1657
23 18 1962
23 20 459
23 22 118
23 26 725
23 27 411
23 28 2285
23 29 1611
23 30 4445
23 31 702
23 35 7426
23 42 35763
23 44 20187
23 45 5090
23 46 3159
23 50 64267
23 53 6194
23 54 77362
23 56 60665
23 59 4318
23 65 31666
23 70 144839
23 83 92273
23 88 295525
23 90 126897
23 92 446228
23 93 409962
23 98 179211
23 99 326857
24 3 11692
24 4 20279
24 8 1891
24 9 9020
24 11 13351
24 12 10711
24 13 7751
24 16 286
24 17 621
24 22 321
24 25 120
24 28 1050
24 38 9748
24 40 20403
24 52 18805
24 53 55375
24 62 109418
24 65 2097
24 69 64566
24 70 148905
24 72 51044
24 73 126901
24 76 84951
24 78 207034
24 81 197876
24 82 132704
24 83 257171
24 87 289848
24 88 356570
24 90 421512
24 91 343071
24 95 43043
24 99 260969
25 4 42215
25 5 3886
25 6 21566
25 9 13489
25 17 1394
25 18 4273
25 24 120
25 28 540
25 29 525
25 35 9491
25 41 18806
25 44 8359
25 50 37757
25 51 49642
25 53 51838
25 59 80466
25 68 170966
25 69 164322
25 74 212875
25 76 146315
25 85 18218
25 89 168964
25 92 126568
25 94 389600
25 97 128764
25 99 237143
26 0 35311
26 2 36103
26 4 23332
26 11 9780
26 14 6698
26 18 2126
26 19 514
26 23 725
26 29 796
26 33 3016
26 36 172
26 41 21512
26 43 6258
26 44 18273
26 46 22146
26 47 2987
26 49 21269
26 51 36061
26 58 85893
26 59 29750
26 65 19858
26 70 4825
26 77 103586
26 78 102924
26 79 273671
26 84 186393
26 86 231996
26 87 35623
26 88 97762
26 90 81501
26 91 325168
26 93 25990
26 98 430616
26 99 469785
27 2 12771
27 10 26841
27 11 6067
27 12 222
27 13 11363
27 17 3298
27 18 5151
27 23 411
27 28 65
27 30 398
27 31 176
27 38 10561
27 40 4331
27 41 13201
27 44 13392
27 47 1491
27 49 45664
27 55 60189
27 56 11661
27 57 5490
27 58 60736
27 62 19393
27 66 88454
27 68 142359
27 71 188775
27 75 93607
27 78 72022
27 79 152436
27 81 48292
27 83 134632
27 84 54267
27 85 42547
27 88 280675
27 94 133945
27 97 301235
28 6 39285
28 14 16085
28 17 3587
28 18 1346
28 20 4507
28 23 2285
28 24 1050
28 25 540
28 27 65
28 29 76
28 32 1280
28 35 3653
28 37 3971
28 41 15539
28 48 19443
28 49 7012
28 50 5381
28 52 27561
28 54 22747
28 55 59090
28 56 34032
28 62 75555
28 67 44051
28 72 53908
28 76 161291
28 81 148448
28 82 172271
28 85 124674
28 89 212415
28 94 380086
28 96 303659
28 99 104246
29 1 56966
29 5 456
29 21 98
29 23 1611
29 25 525
29 26 796
29 28 76
29 30 112
29 32 65
29 33 916
29 40 9338
29 43 4116
29 45 11288
29 52 37465
29 54 30987
29 55 7101
29 60 84803
29 62 33197
29 63 22868
29 64 1150
29 65 17076
29 67 123557
29 75 101517
29 77 100748
29 79 53121
29 81 265612
29 82 128043
29 83 148900
29 84 27151
29 92 367363
29 94 156325
29 96 107003
29 97 200117
30 1 34591
30 2 61487
30 6 55820
30 8 34175
30 9 11154
30 11 16740
30 14 12508
30 15 4963
30 20 5112
30 22 6150
30 23 4445
30 27 398
30 29 112
30 37 2978
30 39 4868
30 40 8662
30 42 265
30 45 15357
30 46 12512
30 47 8175
30 50 5912
30 53 19058
30 56 61935
30 57 39786
30 59 24595
30 61 61194
30 65 32300
30 66 67680
30 73 58707
30 77 79306
30 78 174626
30 79 185001
30 80 153049
30 84 22872
30 85 96182
30 86 304254
30 92 207492
30 95 130151
30 98 262512
31 2 37973
31 3 77386
31 4 8797
31 5 24760
31 6 37343
31 7 3544
31 8 46226
31 10 114
31 11 23385
31 13 17916
31 16 1611
31 17 4524
31 18 2263
31 20 9217
31 23 702
31 27 176
31 34 101
31 35 554
31 37 299
31 38 1439
31 41 6478
31 44 10077
31 45 8097
31 47 3712
31 49 13698
31 51 12173
31 65 12389
31 68 112062
31 69 6929
31 72 107127
31 75 96737
31 76 160338
31 82 142518
31 84 135339
31 86 226727
31 88 311676
31 90 266139
31 95 163343
31 96 296949
31 98 330586
31 99 181786
32 4 43301
32 5 67615
32 6 65345
32 14 15348
32 17 3409
32 18 13261
32 28 1280
32 29 65
32 36 803
32 44 7959
32 45 8603
32 49 17209
32 50 14551
32 59 12068
32 67 38193
32 72 12981
32 74 122282
32 75 146897
32 79 67845
32 82 167589
32 84 132387
32 91 245165
32 93 86777
32 94 301000
32 95 192639
32 97 358343
32 98 344888
33 3 34223
33 10 1908
33 13 6681
33 14 32964
33 21 5723
33 26 3016
33 29 916
33 36 518
33 37 411
33 39 3579
33 41 2442
33 47 16607
33 55 6582
33 57 41723
33 63 29033
33 68 102788
33 75 113527
33 76 150801
33 77 88177
33 78 93765
33 81 201618
33 89 183616
33 92 55637
33 96 35529
34 0 102353
34 1 22963
34 4 14128
34 5 34841
34 9 6176
34 19 11883
34 31 101
34 37 691
34 39 2485
34 45 2687
34 55 238
34 60 65241
34 65 18083
34 66 43653
34 69 65827
34 70 2399
34 72 46360
34 76 27822
34 77 57039
34 82 195571
34 85 208681
34 86 107097
34 88 125842
34 91 61394
34 94 263550
34 95 318082
34 99 47801
35 6 23348
35 16 13429
35 17 15108
35 23 7426
35 25 9491
35 28 3653
35 31 554
35 36 58
35 38 359
35 41 3316
35 42 997
35 48 1482
35 49 14989
35 51 23506
35 52 18303
35 53 26005
35 55 17499
35 61 2139
35 64 71294
35 67 10187
35 71 50265
35 74 88086
35 75 147226
35 79 31580
35 83 184896
35 86 167372
35 87 20770
35 90 230928
35 92 139402
35 93 225422
35 94 11021
35 96 85113
35 97 66148
35 99 78587
36 2 46229
36 5 76446
36 10 10629
36 11 46548
36 12 43219
36 14 1838
36 26 172
36 32 803
36 33 518
36 35 58
36 38 156
36 39 744
36 41 100
36 47 4167
36 48 10211
36 53 21682
36 56 4100
36 58 22477
36 61 31259
36 62 48239
36 64 17861
36 67 64207
36 68 63025
36 70 108919
36 71 99179
36 73 93048
36 76 19251
36 84 96367
36 88 156678
36 92 308969
36 95 295835
36 96 55366
37 0 117465
37 7 83413
37 10 28974
37 14 2783
37 17 28649
37 18 25035
37 20 21444
37 28 3971
37 30 2978
37 31 299
37 33 411
37 34 691
37 38 95
37 50 9732
37 55 27893
37 58 12313
37 59 10314
37 61 29001
37 66 71188
37 68 94526
37 70 13621
37 78 81625
37 82 28675
37 83 110268
37 85 213854
37 88 58158
37 89 55903
37 91 159239
37 95 200593
37 97 351588
38 0 40064
38 1 56408
38 3 30506
38 7 12259
38 8 31374
38 9 54645
38 10 43870
38 16 29611
38 19 30904
38 20 30342
38 24 9748
38 27 10561
38 31 1439
38 35 359
38 36 156
38 37 95
38 41 300
38 42 1480
38 53 16835
38 61 4844
38 64 3739
38 69 36022
38 70 98873
38 77 98485
38 80 132457
38 85 89220
38 86 137145
38 88 1707
38 89 97893
38 92 103782
38 96 246640
38 97 33581
38 99 336990
39 1 71872
39 3 791
39 5 113132
39 6 96111
39 7 35699
39 8 62339
39 9 79113
39 16 5346
39 17 28749
39 19 32728
39 20 20443
39 30 4868
39 33 3579
39 34 2485
39 36 744
39 40 110
39 44 1936
39 51 1400
39 54 14545
39 59 8786
39 60 36515
39 62 29014
39 64 30250
39 65 36540
39 66 71701
39 73 61647
39 75 76921
39 78 41016
39 82 48989
39 83 93637
39 84 49226
39 86 42894
39 88 124485
39 91 166879
39 92 42158
39 94 178533
39 96 291637
40 1 13809
40 4 37383
40 5 112882
40 6 111983
40 8 98978
40 11 70501
40 13 50141
40 24 20403
40 27 4331
40 29 9338
40 30 8662
40 39 110
40 48 376
40 53 7458
40 59 21763
40 64 4384
40 65 46057
40 68 50241
40 70 80588
40 71 92461
40 74 75582
40 78 104988
40 79 150387
40 85 340
40 87 200176
40 89 176973
40 91 184384
40 93 125656
40 95 62083
40 96 152716
40 97 6225
40 99 138201
41 6 86438
41 8 96730
41 9 58679
41 11 31010
41 15 58904
41 18 37406
41 25 18806
41 26 21512
41 27 13201
41 28 15539
41 31 6478
41 33 2442
41 35 3316
41 36 100
41 38 300
41 45 1053
41 46 815
41 49 4002
41 52 772
41 54 12107
41 61 29509
41 62 38490
41 73 66010
41 78 44223
41 79 122548
41 84 178282
41 88 46416
42 2 135719
42 3 96515
42 5 110064
42 14 24075
42 19 49340
42 23 35763
42 30 265
42 35 997
42 38 1480
42 47 553
42 49 4738
42 51 3272
42 54 1788
42 65 21595
42 67 25846
42 71 63093
42 79 68789
42 80 121615
42 92 24141
42 94 235290
42 95 148145
42 97 117383
43 11 27827
43 13 29194
43 17 3317
43 19 1652
43 20 10033
43 26 6258
43 29 4116
43 44 135
43 60 19844
43 77 43585
43 79 116675
43 80 26099
43 81 89201
43 88 160338
43 91 200359
43 94 11099
44 4 110301
44 5 8710
44 7 49661
44 9 83350
44 10 92748
44 11 44546
44 13 33768
44 21 28478
44 23 20187
44 25 8359
44 26 18273
44 27 13392
44 31 10077
44 32 7959
44 39 1936
44 43 135
44 46 221
44 50 3466
44 54 9125
44 61 18319
44 63 1173
44 64 10799
44 68 17174
44 70 15077
44 71 30456
44 75 27288
44 77 59903
44 79 98066
44 80 50381
44 81 46542
44 85 56083
44 89 57661
44 98 155796
44 99 273886
45 2 81645
45 3 111645
45 4 150567
45 5 158431
45 7 138885
45 12 26211
45 17 53876
45 21 39381
45 23 5090
45 29 11288
45 30 15357
45 31 8097
45 32 8603
45 34 2687
45 41 1053
45 47 147
45 59 16002
45 60 21981
45 63 20759
45 65 7661
45 66 8510
45 68 10480
45 72 26788
45 74 40681
45 75 15298
45 81 28840
45 84 101494
45 88 26880
45 91 194726
45 92 134319
45 94 163710
45 96 168844
46 3 148217
46 12 29255
46 13 22093
46 15 70874
46 18 25441
46 20 33923
46 23 3159
46 26 22146
46 30 12512
46 41 815
46 44 221
46 49 561
46 53 2481
46 54 3583
46 60 1007
46 61 22218
46 63 2465
46 71 19842
46 74 61099
46 81 6792
46 83 70805
46 87 63964
46 90 141958
46 91 79878
46 92 183575
46 93 54781
46 98 101407
47 2 49127
47 3 150422
47 4 96886
47 14 40687
47 18 41171
47 21 24107
47 22 23461
47 26 2987
47 27 1491
47 30 8175
47 31 3712
47 33 16607
47 36 4167
47 42 553
47 45 147
47 49 189
47 51 788
47 59 11782
47 63 12336
47 73 10202
47 76 13420
47 77 52550
47 78 11143
47 80 84769
47 84 29312
47 87 10551
47 89 140082
47 90 42615
47 91 61309
47 95 212097
47 98 70636
47 99 227472
48 1 79469
48 3 96418
48 5 5017
48 14 104716
48 17 51237
48 20 77489
48 28 19443
48 35 1482
48 36 10211
48 40 376
48 58 3268
48 67 18742
48 70 1102
48 72 13439
48 75 50684
48 82 38120
48 88 126159
48 93 133134
49 0 7257
49 1 215521
49 2 85122
49 4 148261
49 5 119715
49 8 149754
49 9 139843
49 11 38790
49 12 70970
49 13 55125
49 15 95652
49 18 331
49 19 26372
49 21 65603
49 22 59226
49 26 21269
49 27 45664
49 28 7012
49 31 13698
49 32 17209
49 35 14989
49 41 4002
49 42 4738
49 46 561
49 47 189
49 55 1977
49 56 4635
49 59 5922
49 62 4156
49 65 3281
49 66 20134
49 70 26865
49 79 80621
49 80 21455
49 81 56519
49 83 15118
49 93 80738
49 94 55167
49 96 108812
50 2 209964
50 5 182914
50 7 170512
50 15 114093
50 16 103693
50 17 100214
50 19 23719
50 23 64267
50 25 37757
50 28 5381
50 30 5912
50 32 14551
50 37 9732
50 44 3466
50 51 94
50 58 3569
50 60 3320
50 64 16539
50 66 12381
50 70 21101
50 74 5098
50 78 67283
50 91 16964
50 96 152474
50 97 84556
51 4 105773
51 7 98974
51 9 49191
51 10 118000
51 12 32577
51 15 94397
51 21 39456
51 25 49642
51 26 36061
51 31 12173
51 35 23506
51 39 1400
51 42 3272
51 47 788
51 50 94
51 53 348
51 59 1755
51 61 74
51 71 3309
51 73 24814
51 76 8170
51 82 85694
51 83 77832
51 84 4829
51 89 118550
51 91 11728
51 93 103104
51 95 43602
52 0 257799
52 1 76841
52 4 18053
52 7 131925
52 16 117857
52 18 29252
52 19 84470
52 24 18805
52 28 27561
52 29 37465
52 35 18303
52 41 772
52 62 8100
52 67 12562
52 68 24406
52 72 24767
52 74 10954
52 77 31767
52 79 15450
52 84 77293
52 86 91990
52 89 115704
52 90 6500
52 91 128233
52 94 65539
52 95 44262
52 98 70910
53 1 204038
53 2 234011
53 8 73352
53 9 162597
53 12 69430
53 14 1958
53 17 51482
53 19 1493
53 21 94367
53 22 94148
53 23 6194
53 24 55375
53 25 51838
53 30 19058
53 35 26005
53 36 21682
53 38 16835
53 40 7458
53 46 2481
53 51 348
53 55 435
53 63 2912
53 65 7424
53 66 4964
53 68 11477
53 69 17884
53 73 10011
53 79 50219
53 82 47102
53 92 71785
53 93 157185
54 1 120686
54 7 115566
54 10 31649
54 15 100470
54 16 138819
54 17 23303
54 19 118212
54 23 77362
54 28 22747
54 29 30987
54 39 14545
54 41 12107
54 42 1788
54 44 9125
54 46 3583
54 55 139
54 56 218
54 58 704
54 60 241
54 63 949
54 67 11201
54 73 17766
54 74 5106
54 80 5407
54 86 29061
54 89 67503
54 93 122819
54 95 119258
55 0 234444
55 6 141959
55 10 163623
55 11 33665
55 14 37561
55 21 33234
55 27 60189
55 28 59090
55 29 7101
55 33 6582
55 34 238
55 35 17499
55 37 27893
55 49 1977
55 53 435
55 54 139
55 56 113
55 62 2143
55 63 5616
55 66 2325
55 68 6798
55 69 15797
55 70 4663
55 73 28234
55 75 27917
55 76 36146
55 77 19133
55 80 51548
55 85 61624
55 87 49465
55 89 19145
55 93 41599
55 96 121058
55 97 58068
55 99 63915
56 1 8206
56 2 2029
56 5 250738
56 14 133034
56 16 144126
56 17 39561
56 18 18382
56 23 60665
56 27 11661
56 28 34032
56 30 61935
56 36 4100
56 49 4635
56 54 218
56 55 113
56 63 1217
56 68 11024
56 69 10976
56 71 16817
56 77 18534
56 78 36976
56 82 37988
56 87 56121
56 88 73053
56 89 28468
56 94 134368
57 3 101224
57 4 33881
57 5 31034
57 6 186636
57 8 168586
57 9 212844
57 12 190518
57 15 133630
57 17 95942
57 18 109215
57 27 5490
57 30 39786
57 33 41723
57 60 309
57 61 1309
57 62 1873
57 65 2815
57 68 3833
57 69 11910
57 70 1662
57 71 16376
57 79 39659
57 87 26864
57 88 10351
57 93 37694
57 95 135384
57 97 119250
57 99 36764
58 2 82341
58 3 227172
58 11 59432
58 15 127221
58 20 51424
58 26 85893
58 27 60736
58 36 22477
58 37 12313
58 48 3268
58 50 3569
58 54 704
58 59 65
58 65 3986
58 67 4359
58 75 10916
58 77 21725
58 81 51470
58 82 34747
58 83 31927
58 85 6319
58 86 62878
58 88 14634
58 89 80226
58 90 50765
58 93 6271
58 94 48164
58 96 111876
59 0 235652
59 2 176183
59 4 98489
59 6 152525
59 8 196050
59 10 27108
59 11 54713
59 14 8911
59 15 133981
59 17 64302
59 18 105936
59 23 4318
59 25 80466
59 26 29750
59 30 24595
59 32 12068
59 37 10314
59 39 8786
59 40 21763
59 45 16002
59 47 11782
59 49 5922
59 51 1755
59 58 65
59 64 515
59 73 3666
59 74 16045
59 76 7976
59 79 16639
59 82 11955
59 86 61463
59 88 74148
59 89 27321
59 91 77333
60 2 222432
60 6 88036
60 11 19022
60 21 73734
60 22 128251
60 29 84803
60 34 65241
60 39 36515
60 43 19844
60 45 21981
60 46 1007
60 50 3320
60 54 241
60 57 309
60 65 992
60 69 175
60 78 7060
60 80 27046
60 83 32299
60 85 19331
60 86 52049
60 90 29505
60 99 133920
61 3 114645
61 4 230289
61 6 232077
61 8 257242
61 11 217674
61 14 9359
61 15 28739
61 20 68839
61 30 61194
61 35 2139
61 36 31259
61 37 29001
61 38 4844
61 41 29509
61 44 18319
61 46 22218
61 51 74
61 57 1309
61 63 352
61 66 1490
61 70 7845
61 72 7679
61 81 21539
61 90 11499
61 95 13732
61 96 33979
62 6 97430
62 7 56452
62 8 182974
62 11 37014
62 12 7150
62 16 166411
62 24 109418
62 27 19393
62 28 75555
62 29 33197
62 36 48239
62 39 29014
62 41 38490
62 49 4156
62 52 8100
62 55 2143
62 57 1873
62 63 134
62 65 541
62 72 6914
62 77 15115
62 82 18884
62 87 1900
62 88 49215
62 93 22327
62 95 810
62 97 106726
63 0 286303
63 3 142518
63 4 300488
63 5 94136
63 7 9831
63 15 127672
63 18 99464
63 29 22868
63 33 29033
63 44 1173
63 45 20759
63 46 2465
63 47 12336
63 53 2912
63 54 949
63 55 5616
63 56 1217
63 61 352
63 62 134
63 64 114
63 66 467
63 68 1707
63 75 8594
63 77 2802
63 80 22733
63 86 40318
63 90 44430
63 95 19924
64 0 117748
64 3 302728
64 4 326879
64 12 33215
64 15 135703
64 18 86818
64 21 113231
64 22 151470
64 29 1150
64 35 71294
64 36 17861
64 38 3739
64 39 30250
64 40 4384
64 44 10799
64 50 16539
64 59 515
64 63 114
64 68 792
64 70 2541
64 71 1068
64 75 11950
64 76 4569
64 79 12618
64 80 12393
64 81 14644
64 83 6246
64 92 69890
64 94 67919
64 95 77469
64 99 107365
65 2 260411
65 4 296809
65 6 165029
65 9 110387
65 11 176874
65 12 27677
65 22 74532
65 23 31666
65 24 2097
65 26 19858
65 29 17076
65 30 32300
65 31 12389
65 34 18083
65 39 36540
65 40 46057
65 42 21595
65 45 7661
65 49 3281
65 53 7424
65 57 2815
65 58 3986
65 60 992
65 62 541
65 69 1393
65 75 4243
65 78 9846
65 82 15315
65 89 1611
65 94 67609
65 96 45203
66 8 237782
66 12 273093
66 14 78650
66 16 94971
66 20 42468
66 27 88454
66 30 67680
66 34 43653
66 37 71188
66 39 71701
66 45 8510
66 49 20134
66 50 12381
66 53 4964
66 55 2325
66 61 1490
66 63 467
66 68 374
66 71 459
66 73 4815
66 78 6181
66 81 15419
66 82 4200
66 84 11624
66 90 48657
66 92 10605
66 93 68092
66 98 70815
67 0 280825
67 1 82970
67 5 50449
67 18 188684
67 28 44051
67 29 123557
67 32 38193
67 35 10187
67 36 64207
67 42 25846
67 48 18742
67 52 12562
67 54 11201
67 58 4359
67 73 1984
67 81 17224
67 83 23049
67 90 31275
67 91 51680
67 93 32764
68 3 380876
68 5 266217
68 14 192414
68 15 252561
68 25 170966
68 27 142359
68 31 112062
68 33 102788
68 36 63025
68 37 94526
68 40 50241
68 44 17174
68 45 10480
68 52 24406
68 53 11477
68 55 6798
68 56 11024
68 57 3833
68 63 1707
68 64 792
68 66 374
68 73 1934
68 74 1274
68 75 3190
68 79 3152
68 82 12490
68 83 18730
68 86 29583
68 89 19107
68 90 18480
68 96 60069
69 1 268841
69 3 330214
69 7 126185
69 10 267373
69 13 7679
69 15 75923
69 18 25483
69 19 241506
69 20 155381
69 24 64566
69 25 164322
69 31 6929
69 34 65827
69 38 36022
69 53 17884
69 55 15797
69 56 10976
69 57 11910
69 60 175
69 65 1393
69 71 216
69 75 281
69 76 1912
69 80 9772
69 86 26802
69 87 6729
69 89 26438
69 92 10927
69 93 14636
69 99 73282
70 2 452481
70 5 342724
70 7 358935
70 8 331384
70 10 114608
70 11 75400
70 13 178430
70 14 235373
70 16 251223
70 17 22479
70 19 253478
70 23 144839
70 24 148905
70 26 4825
70 34 2399
70 36 108919
70 37 13621
70 38 98873
70 40 80588
70 44 15077
70 48 1102
70 49 26865
70 50 21101
70 55 4663
70 57 1662
70 61 7845
70 64 2541
70 77 300
70 80 4287
70 82 9069
70 87 14048
70 91 29056
70 95 26886
70 97 65305
70 99 33341
71 1 384552
71 2 92411
71 4 393304
71 5 40284
71 11 94437
71 12 244811
71 13 178850
71 19 258836
71 22 185510
71 27 188775
71 35 50265
71 36 99179
71 40 92461
71 42 63093
71 44 30456
71 46 19842
71 51 3309
71 56 16817
71 57 16376
71 64 1068
71 66 459
71 69 216
71 72 106
71 74 144
71 79 6054
71 80 2286
71 81 6721
71 87 374
71 89 5560
71 90 552
71 91 28895
71 92 15951
71 94 33141
71 95 49643
71 97 40293
72 3 445008
72 8 195968
72 14 131978
72 19 61884
72 22 233557
72 24 51044
72 28 53908
72 31 107127
72 32 12981
72 34 46360
72 45 26788
72 48 13439
72 52 24767
72 61 7679
72 62 6914
72 71 106
72 74 400
72 75 898
72 76 1567
72 85 4057
72 88 22692
72 91 10395
72 94 11727
72 96 31982
72 99 47591
73 1 504802
73 4 293652
73 11 353499
73 18 274636
73 22 182612
73 24 126901
73 30 58707
73 36 93048
73 39 61647
73 41 66010
73 47 10202
73 51 24814
73 53 10011
73 54 17766
73 55 28234
73 59 3666
73 66 4815
73 67 1984
73 68 1934
73 80 998
73 91 30004
73 96 20358
73 98 10426
74 0 506260
74 3 339507
74 6 156859
74 9 272096
74 16 298084
74 20 51077
74 22 120849
74 25 212875
74 32 122282
74 35 88086
74 40 75582
74 45 40681
74 46 61099
74 50 5098
74 52 10954
74 54 5106
74 59 16045
74 68 1274
74 71 144
74 72 400
74 76 412
74 81 4784
74 87 9663
74 91 3969
74 92 31234
74 95 21394
74 97 6910
75 4 90843
75 8 268685
75 12 23480
75 21 45001
75 22 120532
75 27 93607
75 29 101517
75 31 96737
75 32 146897
75 33 113527
75 35 147226
75 39 76921
75 44 27288
75 45 15298
75 48 50684
75 55 27917
75 58 10916
75 63 8594
75 64 11950
75 65 4243
75 68 3190
75 69 281
75 72 898
75 76 61
75 77 418
75 79 262
75 85 1112
75 87 4834
75 88 16475
75 89 9069
75 98 26000
75 99 945
76 2 533279
76 4 233157
76 6 337358
76 12 337044
76 13 71584
76 14 72913
76 15 262112
76 16 336921
76 19 200602
76 24 84951
76 25 146315
76 28 161291
76 31 160338
76 33 150801
76 34 27822
76 36 19251
76 47 13420
76 51 8170
76 55 36146
76 59 7976
76 64 4569
76 69 1912
76 72 1567
76 74 412
76 75 61
76 82 2446
76 83 4403
76 89 6000
76 93 25462
77 3 397301
77 12 251061
77 13 296527
77 26 103586
77 29 100748
77 30 79306
77 33 88177
77 34 57039
77 38 98485
77 43 43585
77 44 59903
77 47 52550
77 52 31767
77 55 19133
77 56 18534
77 58 21725
77 62 15115
77 63 2802
77 70 300
77 75 418
77 78 121
77 79 351
77 89 12749
77 92 20489
77 98 6756
77 99 43613
78 1 117150
78 3 355617
78 12 383062
78 13 43502
78 17 54044
78 19 335996
78 22 62107
78 24 207034
78 26 102924
78 27 72022
78 30 174626
78 33 93765
78 37 81625
78 39 41016
78 40 104988
78 41 44223
78 47 11143
78 50 67283
78 56 36976
78 60 7060
78 65 9846
78 66 6181
78 77 121
78 80 301
78 83 1892
78 86 6001
78 92 10542
79 1 514063
79 7 120310
79 12 279128
79 17 275056
79 19 67541
79 20 269827
79 26 273671
79 27 152436
79 29 53121
79 30 185001
79 32 67845
79 35 31580
79 40 150387
79 41 122548
79 42 68789
79 43 116675
79 44 98066
79 49 80621
79 52 15450
79 53 50219
79 57 39659
79 59 16639
79 64 12618
79 68 3152
79 71 6054
79 75 262
79 77 351
79 86 592
79 90 11928
79 98 3776
79 99 35145
80 4 124822
80 6 208067
80 14 207652
80 15 109841
80 22 209425
80 30 153049
80 38 132457
80 42 121615
80 43 26099
80 44 50381
80 47 84769
80 49 21455
80 54 5407
80 55 51548
80 60 27046
80 63 22733
80 64 12393
80 69 9772
80 70 4287
80 71 2286
80 73 998
80 78 301
80 82 311
80 84 1095
80 90 8924
80 94 8460
80 96 15485
81 6 170743
81 9 419218
81 13 146521
81 16 256175
81 24 197876
81 27 48292
81 28 148448
81 29 265612
81 33 201618
81 43 89201
81 44 46542
81 45 28840
81 46 6792
81 49 56519
81 58 51470
81 61 21539
81 64 14644
81 66 15419
81 67 17224
81 71 6721
81 74 4784
81 82 100
81 83 201
81 84 507
81 86 1484
81 89 2197
81 91 7899
81 95 18943
82 1 114648
82 5 416435
82 15 276588
82 16 245055
82 19 71523
82 20 275614
82 24 132704
82 28 172271
82 29 128043
82 31 142518
82 32 167589
82 34 195571
82 37 28675
82 39 48989
82 48 38120
82 51 85694
82 53 47102
82 56 37988
82 58 34747
82 59 11955
82 62 18884
82 65 15315
82 66 4200
82 68 12490
82 70 9069
82 76 2446
82 80 311
82 81 100
82 83 73
82 86 1102
82 92 7173
82 96 8334
83 0 408211
83 1 463296
83 2 30761
83 3 88280
83 10 418890
83 11 160051
83 15 60891
83 19 285998
83 23 92273
83 24 257171
83 27 134632
83 29 148900
83 35 184896
83 37 110268
83 39 93637
83 46 70805
83 49 15118
83 51 77832
83 58 31927
83 60 32299
83 64 6246
83 67 23049
83 68 18730
83 76 4403
83 78 1892
83 81 201
83 82 73
83 84 85
83 89 601
83 94 1687
83 99 7483
84 3 80598
84 8 99920
84 15 13305
84 18 28139
84 26 186393
84 27 54267
84 29 27151
84 30 22872
84 31 135339
84 32 132387
84 36 96367
84 39 49226
84 41 178282
84 45 101494
84 47 29312
84 51 4829
84 52 77293
84 66 11624
84 80 1095
84 81 507
84 83 85
84 86 104
84 94 255
84 97 16707
84 98 6486
85 1 546049
85 4 529483
85 5 461175
85 11 197768
85 15 414529
85 17 5369
85 25 18218
85 27 42547
85 28 124674
85 30 96182
85 34 208681
85 37 213854
85 38 89220
85 40 340
85 44 56083
85 55 61624
85 58 6319
85 60 19331
85 72 4057
85 75 1112
85 91 683
85 92 1106
85 99 18466
86 0 98776
86 1 186263
86 4 569827
86 6 115254
86 13 117632
86 17 148982
86 20 339082
86 21 155746
86 26 231996
86 30 304254
86 31 226727
86 34 107097
86 35 167372
86 38 137145
86 39 42894
86 52 91990
86 54 29061
86 58 62878
86 59 61463
86 60 52049
86 63 40318
86 68 29583
86 69 26802
86 78 6001
86 79 592
86 81 1484
86 82 1102
86 84 104
86 92 1601
86 97 3031
87 3 607817
87 4 88888
87 5 20755
87 9 372552
87 13 280054
87 14 336213
87 16 344926
87 17 355661
87 24 289848
87 26 35623
87 35 20770
87 40 200176
87 46 63964
87 47 10551
87 55 49465
87 56 56121
87 57 26864
87 62 1900
87 69 6729
87 70 14048
87 71 374
87 74 9663
87 75 4834
87 97 3486
87 98 8983
87 99 13253
88 7 248087
88 11 86949
88 13 368537
88 18 30410
88 23 295525
88 24 356570
88 26 97762
88 27 280675
88 31 311676
88 34 125842
88 36 156678
88 37 58158
88 38 1707
88 39 124485
88 41 46416
88 43 160338
88 45 26880
88 48 126159
88 56 73053
88 57 10351
88 58 14634
88 59 74148
88 62 49215
88 72 22692
88 75 16475
88 91 65
88 95 3635
88 97 5427
89 0 668942
89 3 291525
89 7 454932
89 8 186942
89 25 168964
89 28 212415
89 33 183616
89 37 55903
89 38 97893
89 40 176973
89 44 57661
89 47 140082
89 51 118550
89 52 115704
89 54 67503
89 55 19145
89 56 28468
89 58 80226
89 59 27321
89 65 1611
89 68 19107
89 69 26438
89 71 5560
89 75 9069
89 76 6000
89 77 12749
89 81 2197
89 83 601
89 90 147
89 93 919
89 95 3071
90 0 530877
90 1 670960
90 4 52103
90 7 397484
90 13 505745
90 15 75919
90 17 6246
90 20 156230
90 22 7067
90 23 126897
90 24 421512
90 26 81501
90 31 266139
90 35 230928
90 46 141958
90 47 42615
90 52 6500
90 58 50765
90 60 29505
90 61 11499
90 63 44430
90 66 48657
90 67 31275
90 68 18480
90 71 552
90 79 11928
90 80 8924
90 89 147
90 93 382
90 99 3790
91 3 424994
91 4 507918
91 6 448896
91 7 58630
91 9 664839
91 12 201591
91 14 434901
91 16 264122
91 24 343071
91 26 325168
91 32 245165
91 34 61394
91 37 159239
91 39 166879
91 40 184384
91 43 200359
91 45 194726
91 46 79878
91 47 61309
91 50 16964
91 51 11728
91 52 128233
91 59 77333
91 67 51680
91 70 29056
91 71 28895
91 72 10395
91 73 30004
91 74 3969
91 81 7899
91 85 683
91 88 65
91 94 649
91 99 5574
92 3 6949
92 6 13358
92 7 506657
92 10 502234
92 14 129024
92 16 213068
92 18 537165
92 19 43254
92 20 277566
92 22 396709
92 23 446228
92 25 126568
92 29 367363
92 30 207492
92 33 55637
92 35 139402
92 36 308969
92 38 103782
92 39 42158
92 42 24141
92 45 134319
92 46 183575
92 53 71785
92 64 69890
92 66 10605
92 69 10927
92 71 15951
92 74 31234
92 77 20489
92 78 10542
92 82 7173
92 85 1106
92 86 1601
92 93 106
92 95 470
92 96 655
93 9 354183
93 13 30625
93 14 416817
93 16 61174
93 17 262225
93 19 259637
93 20 110029
93 23 409962
93 26 25990
93 32 86777
93 35 225422
93 40 125656
93 46 54781
93 48 133134
93 49 80738
93 51 103104
93 53 157185
93 54 122819
93 55 41599
93 57 37694
93 58 6271
93 62 22327
93 66 68092
93 67 32764
93 69 14636
93 76 25462
93 89 919
93 90 382
93 92 106
94 1 351893
94 2 639857
94 5 107850
94 9 396785
94 12 543320
94 25 389600
94 27 133945
94 28 380086
94 29 156325
94 32 301000
94 34 263550
94 35 11021
94 39 178533
94 42 235290
94 43 11099
94 45 163710
94 49 55167
94 52 65539
94 56 134368
94 58 48164
94 64 67919
94 65 67609
94 71 33141
94 72 11727
94 80 8460
94 83 1687
94 84 255
94 91 649
94 96 80
95 1 320123
95 4 229066
95 7 107140
95 9 27733
95 10 409384
95 12 355757
95 21 55239
95 22 391369
95 24 43043
95 30 130151
95 31 163343
95 32 192639
95 34 318082
95 36 295835
95 37 200593
95 40 62083
95 42 148145
95 47 212097
95 51 43602
95 52 44262
95 54 119258
95 57 135384
95 61 13732
95 62 810
95 63 19924
95 64 77469
95 70 26886
95 71 49643
95 74 21394
95 81 18943
95 88 3635
95 89 3071
95 92 470
95 98 807
96 0 317499
96 2 728065
96 7 170319
96 8 519112
96 10 359842
96 28 303659
96 29 107003
96 31 296949
96 33 35529
96 35 85113
96 36 55366
96 38 246640
96 39 291637
96 40 152716
96 45 168844
96 49 108812
96 50 152474
96 55 121058
96 58 111876
96 61 33979
96 65 45203
96 68 60069
96 72 31982
96 73 20358
96 80 15485
96 82 8334
96 92 655
96 94 80
97 4 789185
97 6 47748
97 10 435679
97 17 550734
97 25 128764
97 27 301235
97 29 200117
97 32 358343
97 35 66148
97 37 351588
97 38 33581
97 40 6225
97 42 117383
97 50 84556
97 55 58068
97 57 119250
97 62 106726
97 70 65305
97 71 40293
97 74 6910
97 84 16707
97 86 3031
97 87 3486
97 88 5427
97 98 104
98 6 612789
98 8 768616
98 10 685458
98 11 510897
98 13 602193
98 14 511952
98 17 564561
98 18 81967
98 22 529687
98 23 179211
98 26 430616
98 30 262512
98 31 330586
98 32 344888
98 44 155796
98 46 101407
98 47 70636
98 52 70910
98 66 70815
98 73 10426
98 75 26000
98 77 6756
98 79 3776
98 84 6486
98 87 8983
98 95 807
98 97 104
99 4 600133
99 6 419019
99 7 569875
99 11 390365
99 12 600856
99 23 326857
99 24 260969
99 25 237143
99 26 469785
99 28 104246
99 31 181786
99 34 47801
99 35 78587
99 38 336990
99 40 138201
99 44 273886
99 47 227472
99 55 63915
99 57 36764
99 60 133920
99 64 107365
99 69 73282
99 70 33341
99 72 47591
99 75 945
99 77 43613
99 79 35145
99 83 7483
99 85 18466
99 87 13253
99 90 3790
99 91 5574